steht in allen das gleiche.. da keine echten daten da
bla
bla	header
1	1	673.074	-493.786	1.18e+02	-2.59e+02	-8.46e+01	-3.21e+01	8.14e-01	5.67e-01	9.97e-07
1	2	673.074 -493.786	-3.30e+02	-2.59e+02	-8.46e+01	-3.21e+01	8.14e-01	5.67e-01	1.44e-06
1	3	673.074 -515.651	1.18e+02	4.00e+02	4.51e+02	3.72e+02	1.85e-02	-7.03e-01	9.97e-07
1	4	673.074 -515.651	-3.30e+02	-2.59e+02	-8.46e+01	-3.21e+01	8.14e-01	5.67e-01	1.44e-06
2	1	673.074 -493.786	2.52e+02	4.00e+02	4.51e+02	3.72e+02	1.85e-02	-7.03e-01	1.95e-06
2	2	673.074 -493.786	1.98e+02	-4.53e+02	5.10e+02	2.85e+02	-6.47e-01	2.72e-01	1.43e-06
2	3	673.074 -515.651	2.52e+02	-2.04e+02	6.07e+01	6.72e+01	-8.24e-01	-5.51e-01	1.95e-06
2	4	673.074 -515.651	1.98e+02	-4.53e+02	5.10e+02	2.85e+02	-6.47e-01	2.72e-01	1.43e-06
